import numpy as np
in_config = dict(
    s1_distortion=np.array([[-0.370168, 0.135439,-0.000981, -0.000725, -0.023449]]),#k1,k2,P1,P2,k3
    s1_camera_matrix=np.array([[5459.880648, 0.000000, 1266.718093],
                            [0.000000, 5449.305574, 502.360794],
                            [0.000000, 0.000000, 1.000000]
                            ]),

    s2_distortion=np.array([[-0.370168, 0.135439,-0.000766, 0.000231, -0.023449]]), #k1,k2,P1,P2,k3
    s2_camera_matrix=np.array([[1683.753421, 0.000000, 1344.454904],
                            [0.000000, 1674.526450, 773.519334],
                            [0.000000, 0.000000, 1.000000]
                            ]),

    s3_distortion=np.array([[ -0.374121, 0.131289,-0.000766, 0.000231, -0.021224]]), #k1,k2,P1,P2,k3
    s3_camera_matrix=np.array([[1679.365016, 0.000000, 1346.654788],
                            [0.000000, 1680.335798, 768.002554],
                            [0.000000, 0.000000, 1.000000],
                            ]),

    s4_distortion=np.array([[ -0.580577, 0.211107,0.000341, 0.015379, -0.041972]]), #k1,k2,P1,P2,k3
    s4_camera_matrix=np.array([[5398.874953, 0.000000, 1039.334944],
                            [0.000000, 5395.646305, 804.316711],
                            [0.000000, 0.000000, 1.000000]
                            ]),

    s5_distortion=np.array([[ -0.575919, 0.328797,0.014683, 0.019432, -1.104760]]), #k1,k2,P1,P2,k3
    s5_camera_matrix=np.array([[5463.524369, 0.000000, 1041.228604],
                            [0.000000, 5437.364243, 508.217255],
                            [0.000000, 0.000000, 1.000000]
                            ]),

    s6_distortion=np.array([[-0.409351, 0.238519,0.001374, 0.001509, -0.091168]]), #k1,k2,P1,P2,k3
    s6_camera_matrix=np.array([[2401.334464, 0.000000, 1306.257701],
                            [0.000000, 2398.987921, 748.394027],
                            [0.000000, 0.000000, 1.000000]
                            ]),

    s7_distortion=np.array([[ -0.397491, 0.219261,0.000643, 0.000090, -0.076678]]), #k1,k2,P1,P2,k3
    s7_camera_matrix=np.array([[2275.245257, 0.000000, 1306.514897],
                            [0.000000, 2272.254698, 749.540174],
                            [0.000000, 0.000000, 1.000000]
                                ]),

    s8_distortion=np.array([[ -0.536030, 0.221554,0.010739, 0.002294, -0.811041]]), #k1,k2,P1,P2,k3
    s8_camera_matrix=np.array([[5122.030247, 0.000000, 1325.695039],
                            [0.000000, 5096.407307, 649.851466],
                            [0.000000, 0.000000, 1.000000]
                            ]),
)

ex_config = dict(
s1_T = np.array([[-0.494306, -0.869236, -0.009470, -1.399628],
                 [-0.142666, 0.091866, -0.985498, 1.893564],
                 [0.857501, -0.485787, -0.169420, 14.815613],
                 [0.000000, 0.000000, 0.000000, 1.000000]
                ]),
s2_T = np.array([[-0.935961, -0.352042, -0.006613, -1.863654],
                 [-0.135065, 0.376311, -0.916596, 1.088514],
                 [0.325169, -0.857004, -0.399761, 7.774412],
                 [0.000000, 0.000000, 0.000000, 1.000000]
                ]),
s3_T = np.array([[-0.897026, 0.441558, -0.019270, 2.269391],
                 [0.170944, 0.306407, -0.936426, 1.068735],
                 [-0.407582, -0.843292, -0.350337, 8.602456],
                 [0.000000, 0.000000, 0.000000, 1.000000]
                ]),
s4_T = np.array([[-0.604421, 0.794364, 0.060511, 4.014982],
                 [0.154055, 0.191065, -0.969413, 0.789367],
                 [-0.781628, -0.576611, -0.237859, 14.780728],
                 [0.000000, 0.000000, 0.000000, 1.000000]
                ]),
s5_T = np.array([[0.834471, -0.549901, 0.035611, 4.151722],
                 [-0.054505, -0.146673, -0.987682, 2.492785],
                 [0.548350, 0.822251, -0.152367, 17.604897],
                 [0.000000, 0.000000, 0.000000, 1.000000]
                ]),
s6_T = np.array([[0.954801, -0.297247, -0.000019, 0.248485],
                 [-0.081294, -0.261067, -0.961891, 1.374809],
                 [0.285914, 0.918416, -0.273432, 13.421007],
                 [0.000000, 0.000000, 0.000000, 1.000000]
                ]),
s7_T = np.array([[0.963446, 0.267840, 0.005859, -1.576084],
                 [0.071936, -0.237571, -0.968703, 1.741083],
                 [-0.258065, 0.933714, -0.248154, 13.516425],
                 [0.000000, 0.000000, 0.000000, 1.000000]
                ]),
s8_T = np.array([[0.791514, 0.610696, -0.023552, -4.000657],
                 [0.118382, -0.191013, -0.974423, 1.573638],
                 [-0.599575, 0.768481, -0.223485, 17.756327],
                 [0.000000, 0.000000, 0.000000, 1.000000]
                ]),
)
scale_config = dict(s12=9,s23=3,s34=9,s56=9,s67=5,s78=3)