# -*- coding: utf-8 -*-
# @Time    : ${12月22日} ${22：04}
# @Editor  : rxz
# @修改内容  : 修改了5,6,7相机的内外参、畸变参数 
############# roi_config中第5组和第6组相机的roi截取参数
import numpy as np
##config
in_config = dict(
s1_distortion = np.array([[-0.584476, 0.306399,0.000803, -0.000178, -0.330835]]), #k1,k2,P1,P2,k3
s1_camera_matrix = np.array([[5532.394875, 0.000000, 1273.803975],
    [0.000000, 5531.441640, 779.553329],
    [0.000000, 0.000000, 1.000000]
                            ]),

s2_distortion = np.array([[-0.394173, 0.179874,-0.000205, 0.000191, -0.042599]]), #k1,k2,P1,P2,k3
s2_camera_matrix = np.array([[1633.375716, 0.000000, 1307.661988],
    [0.000000, 1632.279674, 763.356482],
    [0.000000, 0.000000, 1.000000]
                            ]),

s3_distortion = np.array([[-0.384718, 0.160051, -0.000040, -0.000026, -0.032857]]), #k1,k2,P1,P2,k3
s3_camera_matrix = np.array([[1562.227396, 0.000000, 1357.855186],
[0.000000, 1562.314843, 745.591282],
[0.000000, 0.000000, 1.000000]]),

s4_distortion = np.array([[ -0.589387, 0.475818, 0.001566, -0.000626, -1.483946]]), #k1,k2,P1,P2,k3
s4_camera_matrix = np.array([[5517.376525, 0.000000, 1286.620669],
[0.000000, 5518.309750, 784.514171],
[0.000000, 0.000000, 1.000000]
                            ]),
#已改
s5_distortion = np.array([[ -0.577667, 0.159800, -0.000338, 0.001103, 0.342727]]), #k1,k2,P1,P2,k3
s5_camera_matrix = np.array([[5565.158046, 0.000000, 1302.863475],
                            [0.000000, 5563.710468, 814.754046],
                            [0.000000, 0.000000, 1.000000]
                            ]),

s6_distortion = np.array([[ -0.400216, 0.228968, 0.000175, -0.000182, -0.088163]]), #k1,k2,P1,P2,k3
s6_camera_matrix = np.array([[2402.875404, 0.000000, 1327.408986],
                            [0.000000, 2402.534389, 771.800413],
                            [0.000000, 0.000000, 1.000000]
                            ]),
s7_distortion = np.array([[ -0.405757, 0.241061, -0.000462, -0.000217, -0.098215]]), #k1,k2,P1,P2,k3
s7_camera_matrix = np.array([[2305.061923, 0.000000, 1305.005024],
                            [0.000000, 2303.863514, 771.235216],
                            [0.000000, 0.000000, 1.000000]
                                ]),
#######
s8_distortion = np.array([[ -0.536030, 0.221554,0.010739, 0.002294, -0.811041]]), #k1,k2,P1,P2,k3
s8_camera_matrix = np.array([[5122.030247, 0.000000, 1325.695039],
                            [0.000000, 5096.407307, 649.851466],
                            [0.000000, 0.000000, 1.000000]
                            ]),
)

ex_config = dict(
s1_T = np.array([[-0.493999, -0.869410, -0.009496, -1.389296],
[-0.180091, 0.113001, -0.977138, 1.109843],
[0.850607, -0.480995, -0.212395, 14.735666],
[0.000000, 0.000000, 0.000000, 1.000000]
                ]),
s2_T = np.array([[-0.933134, -0.359509, -0.003831, -1.707230],
[-0.140504, 0.374456, -0.916538, 1.143600],
[0.330938, -0.854714, -0.399930, 7.626166],
[0.000000, 0.000000, 0.000000, 1.000000]
                ]),
s3_T = np.array([[-0.900084, 0.434534, -0.032072, 2.268630],
[0.184091, 0.312542, -0.931895, 1.216919],
[-0.394916, -0.844688, -0.361308, 8.165191],
[0.000000, 0.000000, 0.000000, 1.000000]
                ]),
s4_T = np.array([[-0.587878, 0.806793, 0.059030, 3.403069],
[0.152598, 0.182262, -0.971336, 0.862560],
[-0.794426, -0.562020, -0.230263, 15.475729],
[0.000000, 0.000000, 0.000000, 1.000000]
                ]),
s5_T = np.array([[0.814369, -0.578956, 0.040168, 3.337758],
[-0.086874, -0.190046, -0.977924, 1.501671],
[0.573809, 0.792901, -0.205063, 18.205542],
[0.000000, 0.000000, 0.000000, 1.000000]
                ]),
s6_T = np.array([[0.951755, -0.306826, 0.004592, 0.132921],
[-0.082245, -0.269477, -0.959488, 1.241468],
[0.295633, 0.912820, -0.281710, 13.442428],
[0.000000, 0.000000, 0.000000, 1.000000]
                ]),
s7_T = np.array([[0.962430, 0.271473, 0.005479, -1.559181],
[0.073694, -0.241732, -0.967541, 1.602795],
[-0.261337, 0.931594, -0.252656, 13.671160],
[0.000000, 0.000000, 0.000000, 1.000000]
                ]),
#######
s8_T = np.array([[0.791514, 0.610696, -0.023552, -4.000657],
[0.118382, -0.191013, -0.974423, 1.573638],
[-0.599575, 0.768481, -0.223485, 17.756327],
[0.000000, 0.000000, 0.000000, 1.000000]
                ]),
)
scale_config = dict(s12=10,s23=5,s34=9,s56=9,s67=5,s78=3)

#h, w, roil_x, roil_y, roir_x, roir_y,s
roi_config = dict(
    group_1 = np.array([1960,5460,4180,8220,0,8220,10]),
    # group_2 = np.array([1280,4800,3200,800,450,800,5]),
    group_2_r = np.array([1500,2500,5500,670,2700,650,5]), #右边工件
    group_2_l = np.array([1200,2000,3200,570,660,600,5]), #第二组图片中每张图片的左边那个工件
    # group_2 = np.array([1200,4800,3240,955,300,950,5]),
    group_3 = np.array([1800,4620,18880,4440,13900,4440,9]),
    # group_3 = np.array([1800,4620,18880,4440,13900,4440,10]),
    group_5 = np.array([1300,2400,17000,5280,14250,5280,9]),
    group_6 = np.array([800,1360,11270,3600,9460,3600,5]),
)

size_config = dict(
    group1_size = '196x546',
    group2_r_size = '3000x800',  #右边的工件 还有问题
    group2_l_size = '1100x1000', #左边工件
    group3_size = '450x1155'
)

#f,cx,cy,b
new_in_config = dict(
    group_1 = np.array([2811.31050,8138.06357,8695.45631,-906.944684]),
    group_2 = np.array([1597.29726,4053.53846,1326.75372,-899.908835]),
    group_3 = np.array([3540.31230,15421.9004,5012.20538,-912.471006]),
    group_6 = np.array([2353.19895,11888.8298,3969.47872,-8.953820]),
)
