import numpy as np
##config
in_config = dict(
s1_distortion = np.array([[-0.584476, 0.306399,0.000803, -0.000178, -0.330835]]), #k1,k2,P1,P2,k3
s1_camera_matrix = np.array([[5532.394875, 0.000000, 1273.803975],
    [0.000000, 5531.441640, 779.553329],
    [0.000000, 0.000000, 1.000000]
                            ]),

s2_distortion = np.array([[-0.394173, 0.179874,-0.000205, 0.000191, -0.042599]]), #k1,k2,P1,P2,k3
s2_camera_matrix = np.array([[1633.375716, 0.000000, 1307.661988],
    [0.000000, 1632.279674, 763.356482],
    [0.000000, 0.000000, 1.000000]
                            ]),

s3_distortion = np.array([[-0.384718, 0.160051, -0.000040, -0.000026, -0.032857]]), #k1,k2,P1,P2,k3
s3_camera_matrix = np.array([[1562.227396, 0.000000, 1357.855186],
[0.000000, 1562.314843, 745.591282],
[0.000000, 0.000000, 1.000000]]),

s4_distortion = np.array([[ -0.589387, 0.475818, 0.001566, -0.000626, -1.483946]]), #k1,k2,P1,P2,k3
s4_camera_matrix = np.array([[5517.376525, 0.000000, 1286.620669],
[0.000000, 5518.309750, 784.514171],
[0.000000, 0.000000, 1.000000]
                            ]),

s5_distortion = np.array([[ -0.575919, 0.328797,0.014683, 0.019432, -1.104760]]), #k1,k2,P1,P2,k3
s5_camera_matrix = np.array([[5463.524369, 0.000000, 1041.228604],
                            [0.000000, 5437.364243, 508.217255],
                            [0.000000, 0.000000, 1.000000]
                            ]),

s6_distortion = np.array([[ -0.409351, 0.238519,0.001374, 0.001509, -0.091168]]), #k1,k2,P1,P2,k3
s6_camera_matrix = np.array([[2401.334464, 0.000000, 1306.257701],
                            [0.000000, 2398.987921, 748.394027],
                            [0.000000, 0.000000, 1.000000]
                            ]),

s7_distortion = np.array([[ -0.397491, 0.219261,0.000643, 0.000090, -0.076678]]), #k1,k2,P1,P2,k3
s7_camera_matrix = np.array([[2275.245257, 0.000000, 1306.514897],
                            [0.000000, 2272.254698, 749.540174],
                            [0.000000, 0.000000, 1.000000]
                                ]),

s8_distortion = np.array([[ -0.536030, 0.221554,0.010739, 0.002294, -0.811041]]), #k1,k2,P1,P2,k3
s8_camera_matrix = np.array([[5122.030247, 0.000000, 1325.695039],
                            [0.000000, 5096.407307, 649.851466],
                            [0.000000, 0.000000, 1.000000]
                            ]),
)

ex_config = dict(
s1_T = np.array([[-0.493999, -0.869410, -0.009496, -1.389296],
[-0.180091, 0.113001, -0.977138, 1.109843],
[0.850607, -0.480995, -0.212395, 14.735666],
[0.000000, 0.000000, 0.000000, 1.000000]
                ]),
s2_T = np.array([[-0.933134, -0.359509, -0.003831, -1.707230],
[-0.140504, 0.374456, -0.916538, 1.143600],
[0.330938, -0.854714, -0.399930, 7.626166],
[0.000000, 0.000000, 0.000000, 1.000000]
                ]),
s3_T = np.array([[-0.900084, 0.434534, -0.032072, 2.268630],
[0.184091, 0.312542, -0.931895, 1.216919],
[-0.394916, -0.844688, -0.361308, 8.165191],
[0.000000, 0.000000, 0.000000, 1.000000]
                ]),
s4_T = np.array([[-0.587878, 0.806793, 0.059030, 3.403069],
[0.152598, 0.182262, -0.971336, 0.862560],
[-0.794426, -0.562020, -0.230263, 15.475729],
[0.000000, 0.000000, 0.000000, 1.000000]
                ]),
s5_T = np.array([[0.834471, -0.549901, 0.035611, 4.151722],
[-0.054505, -0.146673, -0.987682, 2.492785],
[0.548350, 0.822251, -0.152367, 17.604897],
[0.000000, 0.000000, 0.000000, 1.000000]
                ]),
s6_T = np.array([[0.954801, -0.297247, -0.000019, 0.248485],
[-0.081294, -0.261067, -0.961891, 1.374809],
[0.285914, 0.918416, -0.273432, 13.421007],
[0.000000, 0.000000, 0.000000, 1.000000]
                ]),
s7_T = np.array([[0.963446, 0.267840, 0.005859, -1.576084],
[0.071936, -0.237571, -0.968703, 1.741083],
[-0.258065, 0.933714, -0.248154, 13.516425],
[0.000000, 0.000000, 0.000000, 1.000000]
                ]),
s8_T = np.array([[0.791514, 0.610696, -0.023552, -4.000657],
[0.118382, -0.191013, -0.974423, 1.573638],
[-0.599575, 0.768481, -0.223485, 17.756327],
[0.000000, 0.000000, 0.000000, 1.000000]
                ]),
)
scale_config = dict(s12=10,s23=5,s34=9,s56=9,s67=5,s78=3)

#h, w, roil_x, roil_y, roir_x, roir_y,s
roi_config = dict(
    group_1 = np.array([1960,5460,4180,8220,0,8220,10]),
    # group_2 = np.array([1280,4800,3200,800,450,800,5]),
    group_2_r = np.array([1500,2500,5500,670,2700,650,5]), #右边工件
    group_2_l = np.array([1200,2000,3200,570,660,600,5]), #第二组图片中每张图片的左边那个工件
    # group_2 = np.array([1200,4800,3240,955,300,950,5]),
    group_3 = np.array([1800,4620,18880,4440,13900,4440,9]),
    # group_3 = np.array([1800,4620,18880,4440,13900,4440,10]),
)

size_config = dict(
    group1_size = '196x546',
    group2_r_size = '3000x800',  #右边的工件 还有问题
    group2_l_size = '1100x1000', #左边工件
    group3_size = '450x1155'
)

#f,cx,cy,b
new_in_config = dict(
    group_1 = np.array([2811.31050,8138.06357,8695.45631,-906.944684]),
    group_2 = np.array([1597.29726,4053.53846,1326.75372,-899.908835]),
    group_3 = np.array([3540.31230,15421.9004,5012.20538,-912.471006]),
)
